#  Default number patterns (7x10)  binary grid 
# '1' = pixel on and '0' = pixel off
character_set = {
    "0": [
        [0,0,1,1,1,1,0],
        [0,1,0,0,0,0,1],
        [0,1,0,0,0,0,1],
        [0,1,0,0,0,0,1],
        [0,1,0,0,0,0,1],
        [0,1,0,0,0,0,1],
        [0,1,0,0,0,0,1],
        [0,1,0,0,0,0,1],
        [0,1,0,0,0,1,1],
        [0,0,1,1,1,1,0],
    ],
    "1": [
        [0,0,1,1,0,0,0],
        [0,1,0,1,0,0,0],
        [0,0,0,1,0,0,0],
        [0,0,0,1,0,0,0],
        [0,0,0,1,0,0,0],
        [0,0,0,1,0,0,0],
        [0,0,0,1,0,0,0],
        [0,0,0,1,0,0,0],
        [0,0,0,1,0,0,0],
        [0,1,1,1,1,1,0],
    ],
    "2": [
        [0,1,1,1,1,0,0],
        [0,1,0,0,0,1,0],
        [0,1,0,0,0,1,0],
        [0,0,0,0,0,1,0],
        [0,0,0,0,0,1,0],
        [0,0,0,0,1,0,0],
        [0,0,0,1,0,0,0],
        [0,0,1,0,0,0,0],
        [0,1,0,0,0,0,0],
        [0,1,1,1,1,1,0],
    ],
    "3": [
        [0,1,1,1,1,0,0],
        [0,0,0,0,0,1,0],
        [0,0,0,0,0,1,0],
        [0,0,0,0,0,1,0],
        [0,0,1,1,1,0,0],
        [0,0,0,0,0,1,0],
        [0,0,0,0,0,1,0],
        [0,0,0,0,0,1,0],
        [0,0,0,0,0,1,0],
        [0,1,1,1,1,0,0],
    ],
    "4": [
        [0,0,0,0,0,1,1],
        [0,0,0,0,1,1,1],
        [0,0,0,1,0,1,1],
        [0,0,1,0,0,1,1],
        [0,1,0,0,0,1,1],
        [1,0,0,0,0,1,1],
        [1,1,1,1,1,1,1],
        [0,0,0,0,0,1,1],
        [0,0,0,0,0,1,1],
        [0,0,0,0,0,1,1],
    ],
    "5": [
        [1,1,1,1,1,1,1],
        [1,1,0,0,0,0,0],
        [1,1,0,0,0,0,0],
        [1,1,0,0,0,0,0],
        [1,1,1,1,1,1,0],
        [0,0,0,0,0,1,1],
        [0,0,0,0,0,1,1],
        [0,0,0,0,0,1,1],
        [1,1,0,0,0,1,1],
        [0,1,1,1,1,1,0],
    ],
    "6": [
        [0,1,1,1,1,1,0],
        [1,1,0,0,0,0,0],
        [1,1,0,0,0,0,0],
        [1,1,0,0,0,0,0],
        [1,1,1,1,1,1,0],
        [1,1,0,0,0,1,1],
        [1,1,0,0,0,1,1],
        [1,1,0,0,0,1,1],
        [1,1,0,0,0,1,1],
        [0,1,1,1,1,1,0],
    ],
    "7": [
        [1,1,1,1,1,1,1],
        [1,1,0,0,0,1,1],
        [0,0,0,0,0,1,1],
        [0,0,0,0,1,1,0],
        [0,0,0,1,1,0,0],
        [0,0,1,1,0,0,0],
        [0,0,1,1,0,0,0],
        [0,0,1,1,0,0,0],
        [0,0,1,1,0,0,0],
        [0,0,1,1,0,0,0],
    ],
}

import numpy as np
